(-1, 0)
(-2, 0)
(-3, 0)
(-3, -1)
(-3, -2)
(-3, -3)
(-3, -4)
(-3, -5)
(-4, -5)
(-5, -5)
(-5, -6)
(-5, -7)
(-5, -8)
(-5, -9)
(-6, -9)
(-7, -9)
(-8, -9)
(-8, -8)
(-8, -7)
(-8, -6)
(-8, -5)
(-8, -4)
(-9, -4)
(-10, -4)
(-10, -3)
(-10, -2)
(-10, -1)
(-10, 0)
(-11, 0)
(-12, 0)
(-13, 0)
(-13, 1)
(-13, 2)
(-13, 3)
(-13, 4)
(-13, 5)
(-13, 6)
(-14, 6)
(-15, 6)
(-16, 6)
(-17, 6)
(-18, 6)
(-19, 6)
(-19, 7)
(-19, 8)
(-19, 9)
(-19, 10)
(-19, 11)
(-19, 12)
(-19, 13)
(-18, 13)
(-17, 13)
(-16, 13)
(-15, 13)
(-14, 13)
(-14, 14)
(-14, 15)
(-14, 16)
(-14, 17)
(-14, 18)
(-14, 19)
(-13, 19)
(-12, 19)
(-11, 19)
(-11, 20)
(-11, 21)
(-11, 22)
(-11, 23)
(-11, 24)
(-11, 25)
(-11, 26)
(-11, 27)
(-10, 27)
(-9, 27)
(-8, 27)
(-7, 27)
(-6, 27)
(-6, 26)
(-6, 25)
(-6, 24)
(-6, 23)
(-6, 22)
(-6, 21)
(-6, 20)
(-6, 19)
(-5, 19)
(-4, 19)
(-3, 19)
(-2, 19)
(-2, 20)
(-2, 21)
(-1, 21)
(0, 21)
(1, 21)
(1, 22)
(1, 23)
(1, 24)
(1, 25)
(1, 26)
(2, 26)
(3, 26)
(4, 26)
(5, 26)
(5, 27)
(5, 28)
(5, 29)
(6, 29)
(7, 29)
(8, 29)
(9, 29)
(9, 30)
(9, 31)
(9, 32)
(9, 33)
(8, 33)
(7, 33)
(6, 33)
(5, 33)
(4, 33)
(3, 33)
(2, 33)
(1, 33)
(0, 33)
(0, 34)
(0, 35)
(0, 36)
(0, 37)
(-1, 37)
(-2, 37)
(-3, 37)
(-4, 37)
(-5, 37)
(-6, 37)
(-7, 37)
(-7, 38)
(-7, 39)
(-7, 40)
(-7, 41)
(-8, 41)
(-9, 41)
(-10, 41)
(-11, 41)
(-12, 41)
(-13, 41)
(-13, 42)
(-13, 43)
(-14, 43)
(-15, 43)
(-16, 43)
(-17, 43)
(-18, 43)
(-19, 43)
(-20, 43)
(-20, 44)
(-20, 45)
(-21, 45)
(-22, 45)
(-23, 45)
(-24, 45)
(-24, 46)
(-24, 47)
(-24, 48)
(-24, 49)
(-25, 49)
(-26, 49)
(-27, 49)
(-28, 49)
(-29, 49)
(-30, 49)
(-30, 50)
(-30, 51)
(-30, 52)
(-30, 53)
(-31, 53)
(-32, 53)
(-33, 53)
(-34, 53)
(-34, 52)
(-34, 51)
(-34, 50)
(-34, 49)
(-34, 48)
(-34, 47)
(-34, 46)
(-35, 46)
(-36, 46)
(-36, 47)
(-36, 48)
(-36, 49)
(-36, 50)
(-36, 51)
(-36, 52)
(-36, 53)
(-37, 53)
(-38, 53)
(-39, 53)
(-40, 53)
(-40, 54)
(-40, 55)
(-40, 56)
(-40, 57)
(-40, 58)
(-41, 58)
(-42, 58)
(-43, 58)
(-44, 58)
(-45, 58)
(-45, 59)
(-45, 60)
(-46, 60)
(-47, 60)
(-47, 61)
(-47, 62)
(-47, 63)
(-47, 64)
(-47, 65)
(-47, 66)
(-47, 67)
(-46, 67)
(-45, 67)
(-44, 67)
(-44, 68)
(-44, 69)
(-44, 70)
(-44, 71)
(-44, 72)
(-43, 72)
(-42, 72)
(-41, 72)
(-40, 72)
(-39, 72)
(-39, 73)
(-39, 74)
(-39, 75)
(-39, 76)
(-39, 77)
(-38, 77)
(-37, 77)
(-36, 77)
(-35, 77)
(-34, 77)
(-33, 77)
(-32, 77)
(-32, 78)
(-32, 79)
(-32, 80)
(-32, 81)
(-31, 81)
(-30, 81)
(-29, 81)
(-28, 81)
(-28, 82)
(-28, 83)
(-28, 84)
(-27, 84)
(-26, 84)
(-25, 84)
(-24, 84)
(-23, 84)
(-23, 85)
(-23, 86)
(-23, 87)
(-22, 87)
(-21, 87)
(-20, 87)
(-19, 87)
(-18, 87)
(-17, 87)
(-17, 86)
(-17, 85)
(-17, 84)
(-17, 83)
(-17, 82)
(-17, 81)
(-17, 80)
(-16, 80)
(-15, 80)
(-14, 80)
(-13, 80)
(-12, 80)
(-12, 79)
(-12, 78)
(-12, 77)
(-12, 76)
(-12, 75)
(-11, 75)
(-10, 75)
(-10, 76)
(-10, 77)
(-10, 78)
(-10, 79)
(-10, 80)
(-9, 80)
(-8, 80)
(-7, 80)
(-6, 80)
(-5, 80)
(-5, 81)
(-5, 82)
(-5, 83)
(-5, 84)
(-5, 85)
(-5, 86)
(-5, 87)
(-4, 87)
(-3, 87)
(-2, 87)
(-2, 86)
(-2, 85)
(-2, 84)
(-2, 83)
(-2, 82)
(-2, 81)
(-2, 80)
(-2, 79)
(-1, 79)
(0, 79)
(1, 79)
(2, 79)
(3, 79)
(3, 78)
(3, 77)
(4, 77)
(5, 77)
(6, 77)
(7, 77)
(8, 77)
(9, 77)
(9, 78)
(9, 79)
(9, 80)
(9, 81)
(9, 82)
(8, 82)
(7, 82)
(6, 82)
(5, 82)
(4, 82)
(3, 82)
(3, 83)
(3, 84)
(3, 85)
(3, 86)
(2, 86)
(1, 86)
(1, 87)
(1, 88)
(1, 89)
(1, 90)
(0, 90)
(-1, 90)
(-2, 90)
(-3, 90)
(-4, 90)
(-5, 90)
(-5, 91)
(-5, 92)
(-5, 93)
(-6, 93)
(-7, 93)
(-8, 93)
(-9, 93)
(-9, 92)
(-9, 91)
(-9, 90)
(-9, 89)
(-9, 88)
(-9, 87)
(-9, 86)
(-10, 86)
(-11, 86)
(-12, 86)
(-12, 87)
(-12, 88)
(-12, 89)
(-12, 90)
(-12, 91)
(-12, 92)
(-12, 93)
(-13, 93)
(-14, 93)
(-15, 93)
(-15, 94)
(-15, 95)
(-15, 96)
(-15, 97)
(-14, 97)
(-13, 97)
(-12, 97)
(-11, 97)
(-10, 97)
(-9, 97)
(-8, 97)
(-7, 97)
(-6, 97)
(-5, 97)
(-5, 98)
(-5, 99)
(-5, 100)
(-6, 100)
(-7, 100)
(-8, 100)
(-9, 100)
(-10, 100)
(-10, 101)
(-10, 102)
(-10, 103)
(-10, 104)
(-10, 105)
(-11, 105)
(-12, 105)
(-13, 105)
(-14, 105)
(-15, 105)
(-15, 106)
(-15, 107)
(-15, 108)
(-15, 109)
(-15, 110)
(-15, 111)
(-16, 111)
(-17, 111)
(-18, 111)
(-19, 111)
(-19, 112)
(-19, 113)
(-19, 114)
(-18, 114)
(-17, 114)
(-16, 114)
(-15, 114)
(-14, 114)
(-13, 114)
(-13, 115)
(-13, 116)
(-13, 117)
(-13, 118)
(-13, 119)
(-12, 119)
(-11, 119)
(-10, 119)
(-9, 119)
(-9, 120)
(-9, 121)
(-9, 122)
(-8, 122)
(-7, 122)
(-6, 122)
(-5, 122)
(-4, 122)
(-3, 122)
(-3, 123)
(-3, 124)
(-2, 124)
(-1, 124)
(0, 124)
(0, 125)
(0, 126)
(0, 127)
(0, 128)
(0, 129)
(0, 130)
(0, 131)
(0, 132)
(0, 133)
(-1, 133)
(-2, 133)
(-3, 133)
(-4, 133)
(-5, 133)
(-5, 134)
(-5, 135)
(-5, 136)
(-5, 137)
(-6, 137)
(-7, 137)
(-8, 137)
(-9, 137)
(-9, 138)
(-9, 139)
(-9, 140)
(-9, 141)
(-9, 142)
(-9, 143)
(-9, 144)
(-9, 145)
(-10, 145)
(-11, 145)
(-11, 146)
(-11, 147)
(-12, 147)
(-13, 147)
(-14, 147)
(-15, 147)
(-15, 148)
(-15, 149)
(-15, 150)
(-15, 151)
(-15, 152)
(-15, 153)
(-16, 153)
(-17, 153)
(-18, 153)
(-18, 154)
(-18, 155)
(-18, 156)
(-19, 156)
(-20, 156)
(-21, 156)
(-22, 156)
(-23, 156)
(-24, 156)
(-24, 155)
(-24, 154)
(-25, 154)
(-26, 154)
(-27, 154)
(-28, 154)
(-28, 153)
(-28, 152)
(-28, 151)
(-28, 150)
(-28, 149)
(-28, 148)
(-28, 147)
(-29, 147)
(-30, 147)
(-31, 147)
(-32, 147)
(-33, 147)
(-33, 148)
(-33, 149)
(-33, 150)
(-33, 151)
(-33, 152)
(-33, 153)
(-34, 153)
(-35, 153)
(-36, 153)
(-37, 153)
(-37, 154)
(-37, 155)
(-37, 156)
(-37, 157)
(-38, 157)
(-39, 157)
(-40, 157)
(-40, 156)
(-40, 155)
(-40, 154)
(-40, 153)
(-40, 152)
(-41, 152)
(-42, 152)
(-42, 151)
(-42, 150)
(-43, 150)
(-44, 150)
(-45, 150)
(-46, 150)
(-47, 150)
(-48, 150)
(-48, 151)
(-48, 152)
(-48, 153)
(-48, 154)
(-48, 155)
(-48, 156)
(-48, 157)
(-49, 157)
(-50, 157)
(-51, 157)
(-52, 157)
(-52, 158)
(-52, 159)
(-52, 160)
(-51, 160)
(-50, 160)
(-49, 160)
(-49, 161)
(-49, 162)
(-49, 163)
(-48, 163)
(-47, 163)
(-46, 163)
(-45, 163)
(-44, 163)
(-44, 164)
(-44, 165)
(-44, 166)
(-44, 167)
(-45, 167)
(-46, 167)
(-47, 167)
(-48, 167)
(-49, 167)
(-49, 168)
(-49, 169)
(-49, 170)
(-49, 171)
(-49, 172)
(-49, 173)
(-49, 174)
(-49, 175)
(-50, 175)
(-51, 175)
(-52, 175)
(-53, 175)
(-54, 175)
(-55, 175)
(-55, 174)
(-55, 173)
(-55, 172)
(-55, 171)
(-55, 170)
(-55, 169)
(-55, 168)
(-55, 167)
(-56, 167)
(-57, 167)
(-58, 167)
(-58, 168)
(-58, 169)
(-58, 170)
(-58, 171)
(-58, 172)
(-58, 173)
(-59, 173)
(-60, 173)
(-61, 173)
(-62, 173)
(-62, 174)
(-62, 175)
(-63, 175)
(-64, 175)
(-65, 175)
(-65, 176)
(-65, 177)
(-65, 178)
(-64, 178)
(-63, 178)
(-62, 178)
(-61, 178)
(-60, 178)
(-60, 179)
(-60, 180)
(-59, 180)
(-58, 180)
(-57, 180)
(-56, 180)
(-55, 180)
(-55, 181)
(-55, 182)
(-55, 183)
(-55, 184)
(-55, 185)
(-55, 186)
(-54, 186)
(-53, 186)
(-52, 186)
(-51, 186)
(-50, 186)
(-49, 186)
(-49, 187)
(-49, 188)
(-48, 188)
(-47, 188)
(-46, 188)
(-45, 188)
(-44, 188)
(-44, 189)
(-44, 190)
(-44, 191)
(-44, 192)
(-43, 192)
(-42, 192)
(-41, 192)
(-41, 191)
(-41, 190)
(-41, 189)
(-41, 188)
(-41, 187)
(-41, 186)
(-41, 185)
(-41, 184)
(-41, 183)
(-41, 182)
(-40, 182)
(-39, 182)
(-38, 182)
(-38, 181)
(-38, 180)
(-38, 179)
(-38, 178)
(-38, 177)
(-38, 176)
(-37, 176)
(-36, 176)
(-35, 176)
(-34, 176)
(-33, 176)
(-32, 176)
(-31, 176)
(-30, 176)
(-30, 175)
(-30, 174)
(-30, 173)
(-30, 172)
(-30, 171)
(-30, 170)
(-29, 170)
(-28, 170)
(-27, 170)
(-26, 170)
(-25, 170)
(-24, 170)
(-24, 169)
(-24, 168)
(-23, 168)
(-22, 168)
(-21, 168)
(-21, 167)
(-21, 166)
(-21, 165)
(-20, 165)
(-19, 165)
(-18, 165)
(-17, 165)
(-16, 165)
(-16, 164)
(-16, 163)
(-16, 162)
(-16, 161)
(-16, 160)
(-15, 160)
(-14, 160)
(-13, 160)
(-13, 161)
(-13, 162)
(-13, 163)
(-13, 164)
(-12, 164)
(-11, 164)
(-10, 164)
(-9, 164)
(-8, 164)
(-7, 164)
(-6, 164)
(-6, 165)
(-6, 166)
(-6, 167)
(-5, 167)
(-4, 167)
(-3, 167)
(-2, 167)
(-2, 168)
(-2, 169)
(-2, 170)
(-2, 171)
(-2, 172)
(-2, 173)
(-1, 173)
(0, 173)
(0, 174)
(0, 175)
(0, 176)
(0, 177)
(0, 178)
(0, 179)
(-1, 179)
(-2, 179)
(-3, 179)
(-4, 179)
(-4, 180)
(-4, 181)
(-5, 181)
(-6, 181)
(-7, 181)
(-8, 181)
(-9, 181)
(-10, 181)
(-11, 181)
(-11, 182)
(-11, 183)
(-11, 184)
(-10, 184)
(-9, 184)
(-8, 184)
(-8, 185)
(-8, 186)
(-8, 187)
(-8, 188)
(-8, 189)
(-7, 189)
(-6, 189)
(-5, 189)
(-4, 189)
(-3, 189)
(-2, 189)
(-1, 189)
(0, 189)
(0, 190)
(0, 191)
(0, 192)
(0, 193)
(1, 193)
(2, 193)
(3, 193)
(4, 193)
(5, 193)
(6, 193)
(6, 192)
(6, 191)
(6, 190)
(6, 189)
(7, 189)
(8, 189)
(9, 189)
(10, 189)
(10, 188)
(10, 187)
(10, 186)
(10, 185)
(10, 184)
(11, 184)
(12, 184)
(13, 184)
(13, 183)
(13, 182)
(13, 181)
(14, 181)
(15, 181)
(16, 181)
(17, 181)
(18, 181)
(18, 180)
(18, 179)
(18, 178)
(19, 178)
(20, 178)
(21, 178)
(22, 178)
(23, 178)
(23, 177)
(23, 176)
(23, 175)
(24, 175)
(25, 175)
(26, 175)
(27, 175)
(28, 175)
(28, 176)
(28, 177)
(28, 178)
(28, 179)
(28, 180)
(28, 181)
(29, 181)
(30, 181)
(31, 181)
(31, 180)
(31, 179)
(31, 178)
(31, 177)
(31, 176)
(31, 175)
(32, 175)
(33, 175)
(34, 175)
(35, 175)
(35, 174)
(35, 173)
(35, 172)
(35, 171)
(34, 171)
(33, 171)
(32, 171)
(31, 171)
(30, 171)
(29, 171)
(28, 171)
(28, 170)
(28, 169)
(28, 168)
(28, 167)
(27, 167)
(26, 167)
(25, 167)
(25, 166)
(25, 165)
(25, 164)
(25, 163)
(25, 162)
(25, 161)
(25, 160)
(25, 159)
(24, 159)
(23, 159)
(22, 159)
(21, 159)
(20, 159)
(19, 159)
(19, 158)
(19, 157)
(19, 156)
(19, 155)
(19, 154)
(18, 154)
(17, 154)
(16, 154)
(15, 154)
(14, 154)
(13, 154)
(12, 154)
(11, 154)
(10, 154)
(10, 153)
(10, 152)
(10, 151)
(11, 151)
(12, 151)
(13, 151)
(14, 151)
(15, 151)
(16, 151)
(17, 151)
(18, 151)
(19, 151)
(19, 150)
(19, 149)
(19, 148)
(20, 148)
(21, 148)
(22, 148)
(22, 147)
(22, 146)
(22, 145)
(22, 144)
(22, 143)
(22, 142)
(22, 141)
(22, 140)
(23, 140)
(24, 140)
(25, 140)
(25, 139)
(25, 138)
(26, 138)
(27, 138)
(28, 138)
(29, 138)
(29, 139)
(29, 140)
(29, 141)
(30, 141)
(31, 141)
(31, 142)
(31, 143)
(31, 144)
(31, 145)
(31, 146)
(32, 146)
(33, 146)
(34, 146)
(35, 146)
(36, 146)
(37, 146)
(38, 146)
(39, 146)
(40, 146)
(40, 145)
(40, 144)
(41, 144)
(42, 144)
(42, 143)
(42, 142)
(42, 141)
(42, 140)
(41, 140)
(40, 140)
(39, 140)
(38, 140)
(37, 140)
(37, 139)
(37, 138)
(37, 137)
(37, 136)
(37, 135)
(36, 135)
(35, 135)
(34, 135)
(33, 135)
(33, 134)
(33, 133)
(33, 132)
(32, 132)
(31, 132)
(30, 132)
(29, 132)
(29, 131)
(29, 130)
(28, 130)
(27, 130)
(26, 130)
(26, 131)
(26, 132)
(26, 133)
(26, 134)
(25, 134)
(24, 134)
(23, 134)
(22, 134)
(21, 134)
(20, 134)
(19, 134)
(18, 134)
(18, 133)
(18, 132)
(18, 131)
(18, 130)
(17, 130)
(16, 130)
(15, 130)
(14, 130)
(13, 130)
(12, 130)
(11, 130)
(11, 129)
(11, 128)
(11, 127)
(11, 126)
(12, 126)
(13, 126)
(14, 126)
(15, 126)
(16, 126)
(17, 126)
(17, 125)
(17, 124)
(18, 124)
(19, 124)
(19, 123)
(19, 122)
(19, 121)
(19, 120)
(19, 119)
(19, 118)
(20, 118)
(21, 118)
(22, 118)
(23, 118)
(24, 118)
(25, 118)
(25, 117)
(25, 116)
(25, 115)
(26, 115)
(27, 115)
(28, 115)
(29, 115)
(29, 114)
(29, 113)
(30, 113)
(31, 113)
(32, 113)
(33, 113)
(34, 113)
(35, 113)
(36, 113)
(36, 112)
(36, 111)
(36, 110)
(36, 109)
(36, 108)
(36, 107)
(36, 106)
(37, 106)
(38, 106)
(39, 106)
(40, 106)
(41, 106)
(42, 106)
(42, 105)
(42, 104)
(42, 103)
(42, 102)
(42, 101)
(42, 100)
(43, 100)
(44, 100)
(45, 100)
(46, 100)
(46, 99)
(46, 98)
(47, 98)
(48, 98)
(49, 98)
(49, 97)
(49, 96)
(49, 95)
(49, 94)
(49, 93)
(49, 92)
(49, 91)
(50, 91)
(51, 91)
(51, 90)
(51, 89)
(52, 89)
(53, 89)
(54, 89)
(55, 89)
(55, 90)
(55, 91)
(55, 92)
(55, 93)
(55, 94)
(56, 94)
(57, 94)
(58, 94)
(59, 94)
(59, 95)
(59, 96)
(59, 97)
(59, 98)
(59, 99)
(59, 100)
(60, 100)
(61, 100)
(62, 100)
(63, 100)
(64, 100)
(64, 101)
(64, 102)
(64, 103)
(65, 103)
(66, 103)
(66, 104)
(66, 105)
(66, 106)
(66, 107)
(66, 108)
(67, 108)
(68, 108)
(69, 108)
(70, 108)
(71, 108)
(72, 108)
(73, 108)
(74, 108)
(75, 108)
(75, 109)
(75, 110)
(75, 111)
(75, 112)
(74, 112)
(73, 112)
(72, 112)
(71, 112)
(70, 112)
(69, 112)
(69, 113)
(69, 114)
(69, 115)
(69, 116)
(69, 117)
(68, 117)
(67, 117)
(66, 117)
(65, 117)
(64, 117)
(63, 117)
(62, 117)
(62, 118)
(62, 119)
(62, 120)
(62, 121)
(61, 121)
(60, 121)
(59, 121)
(58, 121)
(57, 121)
(56, 121)
(55, 121)
(55, 122)
(55, 123)
(55, 124)
(54, 124)
(53, 124)
(53, 125)
(53, 126)
(53, 127)
(54, 127)
(55, 127)
(56, 127)
(57, 127)
(58, 127)
(59, 127)
(60, 127)
(61, 127)
(61, 128)
(61, 129)
(62, 129)
(63, 129)
(64, 129)
(65, 129)
(66, 129)
(67, 129)
(67, 130)
(67, 131)
(67, 132)
(67, 133)
(67, 134)
(67, 135)
(68, 135)
(69, 135)
(70, 135)
(70, 136)
(70, 137)
(70, 138)
(70, 139)
(70, 140)
(70, 141)
(70, 142)
(70, 143)
(71, 143)
(72, 143)
(73, 143)
(74, 143)
(75, 143)
(75, 144)
(75, 145)
(75, 146)
(76, 146)
(77, 146)
(78, 146)
(78, 145)
(78, 144)
(78, 143)
(78, 142)
(78, 141)
(78, 140)
(78, 139)
(78, 138)
(79, 138)
(80, 138)
(81, 138)
(81, 137)
(81, 136)
(82, 136)
(83, 136)
(84, 136)
(85, 136)
(85, 135)
(85, 134)
(85, 133)
(85, 132)
(85, 131)
(85, 130)
(86, 130)
(87, 130)
(88, 130)
(89, 130)
(90, 130)
(90, 129)
(90, 128)
(90, 127)
(91, 127)
(92, 127)
(93, 127)
(94, 127)
(94, 126)
(94, 125)
(94, 124)
(94, 123)
(95, 123)
(96, 123)
(97, 123)
(98, 123)
(98, 122)
(98, 121)
(98, 120)
(99, 120)
(100, 120)
(101, 120)
(102, 120)
(103, 120)
(103, 119)
(103, 118)
(103, 117)
(104, 117)
(105, 117)
(106, 117)
(106, 116)
(106, 115)
(106, 114)
(107, 114)
(108, 114)
(109, 114)
(110, 114)
(111, 114)
(112, 114)
(112, 113)
(112, 112)
(113, 112)
(114, 112)
(115, 112)
(115, 111)
(115, 110)
(115, 109)
(115, 108)
(115, 107)
(115, 106)
(115, 105)
(115, 104)
(115, 103)
(114, 103)
(113, 103)
(112, 103)
(112, 102)
(112, 101)
(112, 100)
(112, 99)
(112, 98)
(112, 97)
(111, 97)
(110, 97)
(110, 96)
(110, 95)
(110, 94)
(110, 93)
(110, 92)
(110, 91)
(109, 91)
(108, 91)
(107, 91)
(106, 91)
(105, 91)
(104, 91)
(103, 91)
(103, 90)
(103, 89)
(103, 88)
(103, 87)
(103, 86)
(103, 85)
(103, 84)
(104, 84)
(105, 84)
(106, 84)
(107, 84)
(108, 84)
(108, 83)
(108, 82)
(109, 82)
(110, 82)
(111, 82)
(112, 82)
(112, 83)
(112, 84)
(112, 85)
(112, 86)
(113, 86)
(114, 86)
(115, 86)
(115, 87)
(115, 88)
(115, 89)
(115, 90)
(115, 91)
(115, 92)
(115, 93)
(115, 94)
(115, 95)
(116, 95)
(117, 95)
(118, 95)
(119, 95)
(119, 96)
(119, 97)
(119, 98)
(119, 99)
(119, 100)
(119, 101)
(119, 102)
(120, 102)
(121, 102)
(122, 102)
(122, 103)
(122, 104)
(122, 105)
(122, 106)
(122, 107)
(122, 108)
(122, 109)
(122, 110)
(123, 110)
(124, 110)
(125, 110)
(125, 111)
(125, 112)
(125, 113)
(126, 113)
(127, 113)
(128, 113)
(129, 113)
(129, 114)
(129, 115)
(129, 116)
(129, 117)
(129, 118)
(129, 119)
(129, 120)
(130, 120)
(131, 120)
(132, 120)
(133, 120)
(134, 120)
(134, 121)
(134, 122)
(134, 123)
(135, 123)
(136, 123)
(137, 123)
(138, 123)
(138, 122)
(138, 121)
(138, 120)
(138, 119)
(138, 118)
(139, 118)
(140, 118)
(141, 118)
(142, 118)
(142, 119)
(142, 120)
(142, 121)
(142, 122)
(142, 123)
(143, 123)
(144, 123)
(145, 123)
(146, 123)
(147, 123)
(147, 124)
(147, 125)
(148, 125)
(149, 125)
(150, 125)
(151, 125)
(152, 125)
(153, 125)
(154, 125)
(155, 125)
(156, 125)
(156, 126)
(156, 127)
(156, 128)
(155, 128)
(154, 128)
(153, 128)
(153, 129)
(153, 130)
(153, 131)
(153, 132)
(153, 133)
(152, 133)
(151, 133)
(150, 133)
(149, 133)
(148, 133)
(148, 134)
(148, 135)
(148, 136)
(147, 136)
(146, 136)
(145, 136)
(144, 136)
(144, 137)
(144, 138)
(144, 139)
(144, 140)
(144, 141)
(143, 141)
(142, 141)
(141, 141)
(140, 141)
(139, 141)
(139, 140)
(139, 139)
(139, 138)
(139, 137)
(139, 136)
(138, 136)
(137, 136)
(136, 136)
(135, 136)
(134, 136)
(133, 136)
(133, 137)
(133, 138)
(133, 139)
(132, 139)
(131, 139)
(131, 140)
(131, 141)
(131, 142)
(131, 143)
(131, 144)
(131, 145)
(131, 146)
(131, 147)
(132, 147)
(133, 147)
(134, 147)
(135, 147)
(135, 148)
(135, 149)
(135, 150)
(135, 151)
(135, 152)
(136, 152)
(137, 152)
(138, 152)
(139, 152)
(139, 153)
(139, 154)
(139, 155)
(139, 156)
(140, 156)
(141, 156)
(141, 155)
(141, 154)
(141, 153)
(141, 152)
(142, 152)
(143, 152)
(144, 152)
(145, 152)
(146, 152)
(146, 151)
(146, 150)
(146, 149)
(146, 148)
(146, 147)
(147, 147)
(148, 147)
(149, 147)
(149, 148)
(149, 149)
(149, 150)
(149, 151)
(150, 151)
(151, 151)
(152, 151)
(153, 151)
(154, 151)
(155, 151)
(156, 151)
(156, 152)
(156, 153)
(156, 154)
(156, 155)
(156, 156)
(156, 157)
(156, 158)
(157, 158)
(158, 158)
(159, 158)
(160, 158)
(161, 158)
(162, 158)
(163, 158)
(163, 159)
(163, 160)
(163, 161)
(163, 162)
(163, 163)
(163, 164)
(163, 165)
(162, 165)
(161, 165)
(160, 165)
(160, 164)
(160, 163)
(160, 162)
(159, 162)
(158, 162)
(157, 162)
(156, 162)
(155, 162)
(154, 162)
(153, 162)
(152, 162)
(152, 161)
(152, 160)
(152, 159)
(152, 158)
(152, 157)
(152, 156)
(151, 156)
(150, 156)
(149, 156)
(148, 156)
(147, 156)
(147, 157)
(147, 158)
(147, 159)
(147, 160)
(147, 161)
(147, 162)
(146, 162)
(145, 162)
(144, 162)
(144, 163)
(144, 164)
(144, 165)
(143, 165)
(142, 165)
(141, 165)
(140, 165)
(139, 165)
(138, 165)
(137, 165)
(137, 166)
(137, 167)
(137, 168)
(136, 168)
(135, 168)
(134, 168)
(133, 168)
(132, 168)
(131, 168)
(131, 169)
(131, 170)
(131, 171)
(131, 172)
(131, 173)
(131, 174)
(131, 175)
(132, 175)
(133, 175)
(134, 175)
(135, 175)
(136, 175)
(136, 176)
(136, 177)
(136, 178)
(136, 179)
(136, 180)
(136, 181)
(136, 182)
(137, 182)
(138, 182)
(139, 182)
(140, 182)
(141, 182)
(141, 181)
(141, 180)
(141, 179)
(141, 178)
(141, 177)
(141, 176)
(141, 175)
(142, 175)
(143, 175)
(144, 175)
(144, 176)
(144, 177)
(144, 178)
(144, 179)
(144, 180)
(144, 181)
(145, 181)
(146, 181)
(147, 181)
(148, 181)
(148, 182)
(148, 183)
(148, 184)
(148, 185)
(149, 185)
(150, 185)
(151, 185)
(152, 185)
(153, 185)
(154, 185)
(154, 184)
(154, 183)
(154, 182)
(154, 181)
(154, 180)
(154, 179)
(154, 178)
(155, 178)
(156, 178)
(156, 179)
(156, 180)
(156, 181)
(156, 182)
(156, 183)
(156, 184)
(156, 185)
(157, 185)
(158, 185)
(159, 185)
(160, 185)
(161, 185)
(162, 185)
(163, 185)
(163, 186)
(163, 187)
(163, 188)
(163, 189)
(164, 189)
(165, 189)
(166, 189)
(167, 189)
(168, 189)
(169, 189)
(169, 190)
(169, 191)
(170, 191)
(171, 191)
(172, 191)
(172, 192)
(172, 193)
(173, 193)
(174, 193)
(175, 193)
(176, 193)
(177, 193)
(177, 194)
(177, 195)
(177, 196)
(177, 197)
(177, 198)
(178, 198)
(179, 198)
(180, 198)
(181, 198)
(181, 199)
(181, 200)
(181, 201)
(182, 201)
(183, 201)
(183, 202)
(183, 203)
(183, 204)
(183, 205)
(183, 206)
(183, 207)
(183, 208)
(184, 208)
(185, 208)
(186, 208)
(187, 208)
(187, 207)
(187, 206)
(188, 206)
(189, 206)
(190, 206)
(191, 206)
(192, 206)
(193, 206)
(193, 205)
(193, 204)
(193, 203)
(193, 202)
(194, 202)
(195, 202)
(196, 202)
(197, 202)
(198, 202)
(198, 203)
(198, 204)
(198, 205)
(198, 206)
(198, 207)
(199, 207)
(200, 207)
(200, 206)
(200, 205)
(200, 204)
(200, 203)
(200, 202)
(201, 202)
(202, 202)
(203, 202)
(204, 202)
(205, 202)
(205, 201)
(205, 200)
(205, 199)
(204, 199)
(203, 199)
(202, 199)
(201, 199)
(200, 199)
(199, 199)
(198, 199)
(198, 198)
(198, 197)
(197, 197)
(196, 197)
(195, 197)
(194, 197)
(193, 197)
(193, 196)
(193, 195)
(193, 194)
(193, 193)
(194, 193)
(195, 193)
(196, 193)
(197, 193)
(198, 193)
(199, 193)
(200, 193)
(200, 192)
(200, 191)
(200, 190)
(199, 190)
(198, 190)
(197, 190)
(196, 190)
(195, 190)
(194, 190)
(194, 189)
(194, 188)
(194, 187)
(194, 186)
(193, 186)
(192, 186)
(191, 186)
(190, 186)
(189, 186)
(188, 186)
(187, 186)
(186, 186)
(185, 186)
(184, 186)
(184, 187)
(184, 188)
(184, 189)
(184, 190)
(183, 190)
(182, 190)
(181, 190)
(180, 190)
(180, 189)
(180, 188)
(180, 187)
(179, 187)
(178, 187)
(177, 187)
(176, 187)
(176, 186)
(176, 185)
(176, 184)
(176, 183)
(176, 182)
(177, 182)
(178, 182)
(179, 182)
(180, 182)
(181, 182)
(182, 182)
(183, 182)
(183, 181)
(183, 180)
(183, 179)
(182, 179)
(181, 179)
(180, 179)
(179, 179)
(178, 179)
(177, 179)
(176, 179)
(176, 178)
(176, 177)
(176, 176)
(176, 175)
(176, 174)
(175, 174)
(174, 174)
(173, 174)
(173, 173)
(173, 172)
(173, 171)
(174, 171)
(175, 171)
(176, 171)
(177, 171)
(177, 170)
(177, 169)
(178, 169)
(179, 169)
(180, 169)
(181, 169)
(182, 169)
(182, 168)
(182, 167)
(182, 166)
(182, 165)
(183, 165)
(184, 165)
(185, 165)
(186, 165)
(186, 166)
(186, 167)
(186, 168)
(186, 169)
(187, 169)
(188, 169)
(189, 169)
(189, 170)
(189, 171)
(189, 172)
(189, 173)
(189, 174)
(189, 175)
(189, 176)
(190, 176)
(191, 176)
(192, 176)
(193, 176)
(194, 176)
(195, 176)
(195, 175)
(195, 174)
(195, 173)
(195, 172)
(195, 171)
(195, 170)
(195, 169)
(196, 169)
(197, 169)
(198, 169)
(199, 169)
(199, 168)
(199, 167)
(199, 166)
(199, 165)
(200, 165)
(201, 165)
(202, 165)
(203, 165)
(204, 165)
(204, 164)
(204, 163)
(204, 162)
(203, 162)
(202, 162)
(201, 162)
(200, 162)
(199, 162)
(198, 162)
(197, 162)
(197, 161)
(197, 160)
(197, 159)
(197, 158)
(196, 158)
(195, 158)
(194, 158)
(193, 158)
(192, 158)
(192, 159)
(192, 160)
(192, 161)
(192, 162)
(192, 163)
(192, 164)
(192, 165)
(192, 166)
(191, 166)
(190, 166)
(189, 166)
(189, 165)
(189, 164)
(189, 163)
(189, 162)
(189, 161)
(189, 160)
(189, 159)
(189, 158)
(188, 158)
(187, 158)
(186, 158)
(185, 158)
(184, 158)
(184, 159)
(184, 160)
(184, 161)
(184, 162)
(183, 162)
(182, 162)
(181, 162)
(180, 162)
(179, 162)
(179, 161)
(179, 160)
(179, 159)
(179, 158)
(179, 157)
(179, 156)
(179, 155)
(179, 154)
(178, 154)
(177, 154)
(176, 154)
(175, 154)
(175, 153)
(175, 152)
(174, 152)
(173, 152)
(173, 151)
(173, 150)
(173, 149)
(173, 148)
(173, 147)
(173, 146)
(173, 145)
(172, 145)
(171, 145)
(170, 145)
(170, 144)
(170, 143)
(169, 143)
(168, 143)
(167, 143)
(166, 143)
(165, 143)
(164, 143)
(163, 143)
(163, 142)
(163, 141)
(163, 140)
(163, 139)
(164, 139)
(165, 139)
(166, 139)
(167, 139)
(167, 138)
(167, 137)
(168, 137)
(169, 137)
(170, 137)
(171, 137)
(172, 137)
(173, 137)
(173, 136)
(173, 135)
(173, 134)
(173, 133)
(173, 132)
(173, 131)
(174, 131)
(175, 131)
(176, 131)
(177, 131)
(178, 131)
(179, 131)
(180, 131)
(180, 130)
(180, 129)
(180, 128)
(181, 128)
(182, 128)
(183, 128)
(183, 127)
(183, 126)
(183, 125)
(183, 124)
(183, 123)
(183, 122)
(183, 121)
(183, 120)
(184, 120)
(185, 120)
(185, 119)
(185, 118)
(185, 117)
(185, 116)
(186, 116)
(187, 116)
(188, 116)
(189, 116)
(190, 116)
(191, 116)
(192, 116)
(193, 116)
(193, 115)
(193, 114)
(193, 113)
(193, 112)
(193, 111)
(194, 111)
(195, 111)
(196, 111)
(197, 111)
(198, 111)
(199, 111)
(200, 111)
(200, 110)
(200, 109)
(200, 108)
(199, 108)
(198, 108)
(198, 107)
(198, 106)
(198, 105)
(198, 104)
(198, 103)
(198, 102)
(197, 102)
(196, 102)
(195, 102)
(194, 102)
(193, 102)
(192, 102)
(191, 102)
(190, 102)
(190, 101)
(190, 100)
(190, 99)
(190, 98)
(189, 98)
(188, 98)
(187, 98)
(186, 98)
(186, 97)
(186, 96)
(186, 95)
(186, 94)
(187, 94)
(188, 94)
(189, 94)
(189, 93)
(189, 92)
(189, 91)
(189, 90)
(189, 89)
(189, 88)
(190, 88)
(191, 88)
(192, 88)
(193, 88)
(194, 88)
(195, 88)
(196, 88)
(196, 87)
(196, 86)
(197, 86)
(198, 86)
(199, 86)
(200, 86)
(200, 85)
(200, 84)
(200, 83)
(199, 83)
(198, 83)
(197, 83)
(196, 83)
(195, 83)
(194, 83)
(193, 83)
(193, 82)
(193, 81)
(192, 81)
(191, 81)
(190, 81)
(189, 81)
(188, 81)
(188, 80)
(188, 79)
(188, 78)
(188, 77)
(187, 77)
(186, 77)
(186, 76)
(186, 75)
(186, 74)
(185, 74)
(184, 74)
(183, 74)
(182, 74)
(181, 74)
(180, 74)
(179, 74)
(179, 73)
(179, 72)
(179, 71)
(179, 70)
(179, 69)
(179, 68)
(180, 68)
(181, 68)
(182, 68)
(183, 68)
(184, 68)
(185, 68)
(186, 68)
(186, 67)
(186, 66)
(186, 65)
(187, 65)
(188, 65)
(189, 65)
(190, 65)
(190, 64)
(190, 63)
(190, 62)
(190, 61)
(190, 60)
(189, 60)
(188, 60)
(188, 59)
(188, 58)
(188, 57)
(188, 56)
(187, 56)
(186, 56)
(186, 55)
(186, 54)
(186, 53)
(185, 53)
(184, 53)
(183, 53)
(182, 53)
(181, 53)
(180, 53)
(179, 53)
(179, 54)
(179, 55)
(179, 56)
(179, 57)
(178, 57)
(177, 57)
(176, 57)
(175, 57)
(174, 57)
(174, 56)
(174, 55)
(174, 54)
(174, 53)
(173, 53)
(172, 53)
(171, 53)
(170, 53)
(169, 53)
(168, 53)
(167, 53)
(166, 53)
(165, 53)
(165, 52)
(165, 51)
(165, 50)
(166, 50)
(167, 50)
(168, 50)
(169, 50)
(170, 50)
(170, 49)
(170, 48)
(170, 47)
(170, 46)
(170, 45)
(171, 45)
(172, 45)
(173, 45)
(174, 45)
(175, 45)
(176, 45)
(176, 46)
(176, 47)
(176, 48)
(176, 49)
(176, 50)
(177, 50)
(178, 50)
(179, 50)
(180, 50)
(181, 50)
(181, 49)
(181, 48)
(181, 47)
(182, 47)
(183, 47)
(184, 47)
(185, 47)
(185, 46)
(185, 45)
(185, 44)
(186, 44)
(187, 44)
(188, 44)
(189, 44)
(190, 44)
(190, 43)
(190, 42)
(190, 41)
(190, 40)
(190, 39)
(191, 39)
(192, 39)
(193, 39)
(194, 39)
(195, 39)
(195, 38)
(195, 37)
(195, 36)
(195, 35)
(196, 35)
(197, 35)
(198, 35)
(199, 35)
(200, 35)
(200, 34)
(200, 33)
(200, 32)
(200, 31)
(200, 30)
(201, 30)
(202, 30)
(203, 30)
(204, 30)
(204, 31)
(204, 32)
(204, 33)
(204, 34)
(204, 35)
(204, 36)
(205, 36)
(206, 36)
(207, 36)
(207, 37)
(207, 38)
(207, 39)
(207, 40)
(208, 40)
(209, 40)
(210, 40)
(211, 40)
(212, 40)
(212, 39)
(212, 38)
(212, 37)
(212, 36)
(212, 35)
(212, 34)
(212, 33)
(212, 32)
(213, 32)
(214, 32)
(215, 32)
(216, 32)
(217, 32)
(217, 31)
(217, 30)
(218, 30)
(219, 30)
(220, 30)
(221, 30)
(221, 29)
(221, 28)
(221, 27)
(222, 27)
(223, 27)
(224, 27)
(225, 27)
(226, 27)
(227, 27)
(228, 27)
(228, 28)
(228, 29)
(228, 30)
(228, 31)
(229, 31)
(230, 31)
(231, 31)
(232, 31)
(232, 32)
(232, 33)
(232, 34)
(232, 35)
(232, 36)
(232, 37)
(232, 38)
(233, 38)
(234, 38)
(234, 39)
(234, 40)
(234, 41)
(234, 42)
(235, 42)
(236, 42)
(237, 42)
(238, 42)
(239, 42)
(239, 41)
(239, 40)
(239, 39)
(239, 38)
(240, 38)
(241, 38)
(242, 38)
(243, 38)
(244, 38)
(245, 38)
(246, 38)
(247, 38)
(248, 38)
(248, 37)
(248, 36)
(248, 35)
(248, 34)
(247, 34)
(246, 34)
(245, 34)
(244, 34)
(244, 33)
(244, 32)
(244, 31)
(244, 30)
(243, 30)
(242, 30)
(241, 30)
(240, 30)
(239, 30)
(239, 29)
(239, 28)
(239, 27)
(240, 27)
(241, 27)
(242, 27)
(242, 26)
(242, 25)
(242, 24)
(242, 23)
(242, 22)
(242, 21)
(242, 20)
(242, 19)
(241, 19)
(240, 19)
(239, 19)
(238, 19)
(237, 19)
(236, 19)
(236, 20)
(236, 21)
(236, 22)
(236, 23)
(236, 24)
(235, 24)
(234, 24)
(233, 24)
(233, 23)
(233, 22)
(233, 21)
(233, 20)
(233, 19)
(232, 19)
(231, 19)
(230, 19)
(229, 19)
(229, 18)
(229, 17)
(229, 16)
(229, 15)
(229, 14)
(229, 13)
(228, 13)
(227, 13)
(227, 12)
(227, 11)
(227, 10)
(227, 9)
(226, 9)
(225, 9)
(224, 9)
(223, 9)
(222, 9)
(222, 8)
(222, 7)
(222, 6)
(222, 5)
(222, 4)
(222, 3)
(221, 3)
(220, 3)
(219, 3)
(218, 3)
(217, 3)
(217, 4)
(217, 5)
(217, 6)
(217, 7)
(217, 8)
(217, 9)
(216, 9)
(215, 9)
(214, 9)
(213, 9)
(213, 8)
(213, 7)
(213, 6)
(212, 6)
(211, 6)
(210, 6)
(209, 6)
(208, 6)
(207, 6)
(207, 5)
(207, 4)
(206, 4)
(205, 4)
(204, 4)
(203, 4)
(202, 4)
(202, 3)
(202, 2)
(202, 1)
(202, 0)
(202, -1)
(201, -1)
(200, -1)
(200, -2)
(200, -3)
(200, -4)
(200, -5)
(200, -6)
(200, -7)
(199, -7)
(198, -7)
(197, -7)
(196, -7)
(195, -7)
(194, -7)
(194, -6)
(194, -5)
(194, -4)
(194, -3)
(193, -3)
(192, -3)
(191, -3)
(191, -2)
(191, -1)
(191, 0)
(191, 1)
(191, 2)
(191, 3)
(190, 3)
(189, 3)
(188, 3)
(187, 3)
(187, 4)
(187, 5)
(187, 6)
(187, 7)
(187, 8)
(187, 9)
(187, 10)
(187, 11)
(186, 11)
(185, 11)
(184, 11)
(183, 11)
(182, 11)
(182, 12)
(182, 13)
(182, 14)
(183, 14)
(184, 14)
(185, 14)
(186, 14)
(187, 14)
(188, 14)
(189, 14)
(190, 14)
(190, 15)
(190, 16)
(190, 17)
(190, 18)
(189, 18)
(188, 18)
(187, 18)
(186, 18)
(185, 18)
(184, 18)
(183, 18)
(182, 18)
(182, 19)
(182, 20)
(182, 21)
(182, 22)
(181, 22)
(180, 22)
(180, 23)
(180, 24)
(180, 25)
(180, 26)
(180, 27)
(179, 27)
(178, 27)
(177, 27)
(177, 28)
(177, 29)
(177, 30)
(177, 31)
(176, 31)
(175, 31)
(174, 31)
(173, 31)
(172, 31)
(171, 31)
(170, 31)
(170, 32)
(170, 33)
(170, 34)
(170, 35)
(170, 36)
(170, 37)
(169, 37)
(168, 37)
(167, 37)
(167, 38)
(167, 39)
(167, 40)
(167, 41)
(167, 42)
(167, 43)
(166, 43)
(165, 43)
(164, 43)
(164, 44)
(164, 45)
(163, 45)
(162, 45)
(161, 45)
(160, 45)
(160, 46)
(160, 47)
(160, 48)
(160, 49)
(160, 50)
(160, 51)
(159, 51)
(158, 51)
(157, 51)
(156, 51)
(155, 51)
(154, 51)
(154, 50)
(154, 49)
(154, 48)
(154, 47)
(154, 46)
(154, 45)
(154, 44)
(154, 43)
(153, 43)
(152, 43)
(151, 43)
(150, 43)
(150, 42)
(150, 41)
(150, 40)
(150, 39)
(150, 38)
(149, 38)
(148, 38)
(147, 38)
(146, 38)
(146, 39)
(146, 40)
(146, 41)
(146, 42)
(146, 43)
(146, 44)
(145, 44)
(144, 44)
(144, 45)
(144, 46)
(144, 47)
(144, 48)
(143, 48)
(142, 48)
(141, 48)
(140, 48)
(140, 49)
(140, 50)
(140, 51)
(140, 52)
(139, 52)
(138, 52)
(137, 52)
(136, 52)
(135, 52)
(134, 52)
(134, 53)
(134, 54)
(134, 55)
(134, 56)
(134, 57)
(134, 58)
(134, 59)
(133, 59)
(132, 59)
(131, 59)
(130, 59)
(129, 59)
(129, 58)
(129, 57)
(129, 56)
(129, 55)
(128, 55)
(127, 55)
(126, 55)
(126, 54)
(126, 53)
(126, 52)
(126, 51)
(125, 51)
(124, 51)
(124, 50)
(124, 49)
(124, 48)
(124, 47)
(124, 46)
(124, 45)
(125, 45)
(126, 45)
(127, 45)
(128, 45)
(129, 45)
(129, 44)
(129, 43)
(129, 42)
(129, 41)
(128, 41)
(127, 41)
(126, 41)
(125, 41)
(125, 40)
(125, 39)
(125, 38)
(124, 38)
(123, 38)
(122, 38)
(121, 38)
(120, 38)
(120, 39)
(120, 40)
(120, 41)
(120, 42)
(119, 42)
(118, 42)
(117, 42)
(116, 42)
(116, 43)
(116, 44)
(116, 45)
(115, 45)
(114, 45)
(113, 45)
(112, 45)
(112, 46)
(112, 47)
(112, 48)
(112, 49)
(112, 50)
(112, 51)
(111, 51)
(110, 51)
(109, 51)
(109, 52)
(109, 53)
(108, 53)
(107, 53)
(107, 54)
(107, 55)
(107, 56)
(107, 57)
(107, 58)
(107, 59)
(107, 60)
(107, 61)
(106, 61)
(105, 61)
(105, 62)
(105, 63)
(105, 64)
(105, 65)
(105, 66)
(106, 66)
(107, 66)
(108, 66)
(109, 66)
(110, 66)
(111, 66)
(112, 66)
(113, 66)
(113, 67)
(113, 68)
(113, 69)
(112, 69)
(111, 69)
(110, 69)
(109, 69)
(108, 69)
(107, 69)
(106, 69)
(105, 69)
(105, 70)
(105, 71)
(105, 72)
(105, 73)
(104, 73)
(103, 73)
(102, 73)
(102, 72)
(102, 71)
(102, 70)
(101, 70)
(100, 70)
(99, 70)
(98, 70)
(97, 70)
(96, 70)
(95, 70)
(95, 69)
(95, 68)
(94, 68)
(93, 68)
(93, 67)
(93, 66)
(93, 65)
(93, 64)
(93, 63)
(93, 62)
(93, 61)
(93, 60)
(93, 59)
(92, 59)
(91, 59)
(90, 59)
(89, 59)
(89, 58)
(89, 57)
(89, 56)
(89, 55)
(89, 54)
(89, 53)
(88, 53)
(87, 53)
(87, 52)
(87, 51)
(87, 50)
(87, 49)
(87, 48)
(86, 48)
(85, 48)
(85, 47)
(85, 46)
(85, 45)
(84, 45)
(83, 45)
(83, 44)
(83, 43)
(83, 42)
(82, 42)
(81, 42)
(80, 42)
(79, 42)
(78, 42)
(77, 42)
(76, 42)
(76, 41)
(76, 40)
(76, 39)
(76, 38)
(75, 38)
(74, 38)
(74, 37)
(74, 36)
(74, 35)
(73, 35)
(72, 35)
(71, 35)
(70, 35)
(69, 35)
(68, 35)
(67, 35)
(66, 35)
(66, 34)
(66, 33)
(66, 32)
(66, 31)
(66, 30)
(65, 30)
(64, 30)
(63, 30)
(62, 30)
(61, 30)
(60, 30)
(60, 29)
(60, 28)
(60, 27)
(60, 26)
(60, 25)
(60, 24)
(60, 23)
(59, 23)
(58, 23)
(57, 23)
(57, 22)
(57, 21)
(57, 20)
(56, 20)
(55, 20)
(54, 20)
(53, 20)
(52, 20)
(51, 20)
(50, 20)
(50, 19)
(50, 18)
(50, 17)
(50, 16)
(50, 15)
(49, 15)
(48, 15)
(47, 15)
(46, 15)
(45, 15)
(44, 15)
(43, 15)
(43, 14)
(43, 13)
(43, 12)
(42, 12)
(41, 12)
(41, 11)
(41, 10)
(41, 9)
(41, 8)
(40, 8)
(39, 8)
(38, 8)
(37, 8)
(36, 8)
(35, 8)
(34, 8)
(33, 8)
(33, 7)
(33, 6)
(33, 5)
(32, 5)
(31, 5)
(30, 5)
(29, 5)
(28, 5)
(27, 5)
(26, 5)
(26, 4)
(26, 3)
(26, 2)
(25, 2)
(24, 2)
(23, 2)
(22, 2)
(22, 1)
(22, 0)
(21, 0)
(20, 0)
(19, 0)
(18, 0)
(18, -1)
(18, -2)
(18, -3)
(18, -4)
(18, -5)
(18, -6)
(18, -7)
(17, -7)
(16, -7)
(15, -7)
(14, -7)
(13, -7)
(13, -8)
(13, -9)
(13, -10)
(12, -10)
(11, -10)
(10, -10)
(10, -11)
(10, -12)
(10, -13)
(10, -14)
(10, -15)
(9, -15)
(8, -15)
(7, -15)
(6, -15)
(5, -15)
(5, -14)
(5, -13)
(5, -12)
(5, -11)
(5, -10)
(5, -9)
(5, -8)
(5, -7)
(4, -7)
(3, -7)
(2, -7)
(1, -7)
(0, -7)
(0, -6)
(0, -5)
(0, -4)
(0, -3)
(0, -2)
(0, -1)
(0, 0)
